576
608
832
864
1056
1088
1344
1376
1504
1536
1600
1632
1792
1824
2048
2080
2240
2272
2496
2528
2624
2656
2752
2784
2912
2944
3136
3168
3328
3360
3616
3648
3776
3808
3904
3936
4064
4096
4288
4320
4512
4544
4800
4832
4928
4960
5056
5088
5216
5248
5440
5472
5632
5664
5920
5952
6048
6080
6208
6240
6368
6400
6560
6592
6784
6816
7072
7104
7200
7232
7360
7392
7520
7552
7744
7776
7936
7968
8224
8256
8384
8416
8512
8544
8640
8672
8864
8896
9088
9120
9312
9344
9504
9536
9632
9664
9792
9824
9984
10016
10176
10208
10272
10304
10432
10464
10592
10624
10752
10784
10848
10880
10944
10976
11104
11136
11200
11232
11328
11360
11424
11456
11552
11584
11648
11680
11776
11808
11904
11936
12032
12064
12160
12192
12320
12352
12448
12480
12576
12608
12704
12736
12864
12896
12992
13024
13152
13184
13280
13312
13440
13472
13536
13568
13664
13696
13728
13760
13824
13856
13920
13952
14112
14144
14240
14272
14400
14432
14528
14560
14656
14688
14816
14848
14976
15008
15104
15136
15264
15296
15328
15360
15392
15424
15552
15584
15680
15712
15840
15872
15968
16000
16128
16160
16256
16288
16416
16448
16480
16512
16544
16576
16608
16640
16736
16768
16832
16864
16960
16992
17088
17120
17248
17280
17408
17440
17536
17568
17632
17664
17760
17792
17856
17888
17984
18016
18112
18144
18240
18272
18400
18432
18560
18592
18688
18720
18816
18848
18976
19008
19136
19168
19264
19296
19424
19456
19552
19584
19680
19712
19840
19872
20000
20032
20128
20160
20256
20288
20416
20448
20544
20576
20704
20736
20832
20864
20992
21024
21120
21152
21184
21216
21248
21280
21408
21440
21568
21600
21696
21728
21856
21888
21984
22016
22144
22176
22272
22304
22432
22464
22560
22592
22720
22752
22848
22880
23008
23040
23136
23168
23296
23328
23424
23456
23584
23616
23712
23744
23840
23872
24000
24032
24128
24160
24288
24320
24416
24448
24576
24608
24704
24736
24832
24864
24992
25024
25152
25184
25280
25312
25440
25472
25568
25600
25728
25760
25856
25888
25984
26016
26144
26176
26272
26304
26432
26464
26560
26592
26688
26720
26848
26880
27008
27040
27168
27200
27296
27328
27424
27456
27584
27616
27712
27744
27872
27904
28000
28032
28160
28192
28288
28320
28448
28480
28576
28608
28704
28736
28864
28896
28992
29024
29120
29152
29280
29312
29472
29504
29600
29632
29728
29760
29856
29888
30016
30048
30144
30176
30304
30336
30432
30464
30592
30624
30720
30752
30880
30912
31008
31040
31168
31200
31296
31328
31424
31456
31616
31648
31744
31776
31872
31904
32032
32064
32160
32192
32288
32320
32448
32480
32576
32608
32736
32768
32896
32928
33024
33056
33184
33216
33312
33344
33376
33408
33440
33472
33600
33632
33728
33760
33888
33920
34048
34080
34176
34208
34304
34336
34464
34496
34496
34528
34560
34592
34752
34784
34912
34944
35072
35104
35168
35200
35328
35360
35456
35488
35584
35616
35744
35776
35904
35936
36000
36032
36032
36064
36192
36224
36320
36352
36480
36512
36608
36640
36736
36768
36896
36928
37024
37056
37120
37152
37184
37216
37312
37344
37472
37504
37600
37632
37760
37792
37888
37920
38048
38080
38176
38208
38240
38272
38304
38336
38464
38496
38624
38656
38784
38816
38912
38944
39040
39072
39200
39232
39328
39360
39424
39456
39488
39520
39616
39648
39776
39808
39904
39936
40064
40096
40192
40224
40352
40384
40480
40512
40576
40608
40640
40672
40704
40736
40736
40768
40928
40960
41056
41088
41184
41216
41312
41344
41408
41440
41472
41504
41536
41568
41600
41632
41664
41696
41728
41760
41792
41824
41920
41952
42080
42112
42176
42208
42304
42336
42432
42464
42560
42592
42720
42752
42880
42912
42976
43008
43040
43072
43232
43264
43360
43392
43488
43520
43648
43680
43776
43808
43936
43968
44000
44032
44064
44096
44160
44192
44224
44256
44352
44384
44480
44512
44608
44640
44768
44800
44896
44928
45056
45088
45152
45184
45184
45216
45280
45312
45344
45376
45504
45536
45664
45696
45792
45824
45952
45984
46080
46112
46208
46240
46368
46400
46496
46528
46656
46688
46784
46816
46912
46944
47072
47104
47200
47232
47360
47392
47520
47552
47648
47680
47776
47808
47936
47968
48064
48096
48224
48256
48352
48384
48512
48544
48576
48608
48640
48672
48800
48832
48960
48992
49088
49120
49216
49248
49344
49376
49472
49504
49632
49664
49728
49760
49792
49824
49920
49952
50080
50112
50240
50272
50368
50400
50528
50560
50624
50656
50816
50848
50880
50912
50944
50976
51104
51136
51232
51264
51360
51392
51520
51552
51680
51712
51808
51840
51936
51968
52000
52032
52064
52096
52224
52256
52384
52416
52512
52544
52672
52704
52800
52832
52960
52992
53088
53120
53152
53184
53216
53248
53376
53408
53536
53568
53664
53696
53824
53856
53952
53984
54112
54144
54240
54272
54304
54336
54368
54400
54432
54464
54560
54592
54688
54720
54816
54848
54944
54976
55104
55136
55168
55200
55264
55296
55328
55360
55392
55424
55424
55456
55520
55552
55584
55616
55648
55680
55808
55840
55968
56000
56128
56160
56256
56288
56416
56448
56544
56576
56672
56704
56800
56832
56928
56960
57088
57120
57248
57280
57376
57408
57536
57568
57696
57728
57760
57792
57824
57856
57888
57920
57952
57984
58016
58048
58176
58208
58304
58336
58432
58464
58560
58592
58688
58720
58816
58848
58912
58944
58976
59008
59072
59104
59136
59168
59264
59296
59392
59424
59552
59584
59712
59744
59840
59872
60000
60032
60064
60096
60128
60160
60192
60224
60256
60288
60384
60416
60576
60608
60704
60736
60832
60864
60960
60992
61120
61152
61216
61248
61280
61312
61344
61376
61408
61440
61536
61568
61696
61728
61824
61856
61984
62016
62144
62176
62304
62336
62368
62400
62432
62464
62496
62528
62560
62592
62720
62752
62848
62880
62976
63008
63136
63168
63296
63328
63392
63424
63488
63520
63552
63584
63648
63680
63712
63744
63840
63872
63968
64000
64128
64160
64256
64288
64448
64480
64576
64608
64704
64736
64864
64896
64928
64960
64992
65024
65088
65120
65152
65184
65216
65248
65376
65408
65440
65472
65600
65632
65760
65792
65920
65952
66048
66080
66208
66240
66592
66624
66880
66912
67168
67200
67456
67488
67712
67744
68000
68032
68256
68288
68384
68416
68512
68544
68672
68704
68800
68832
69088
69120
69344
69376
69664
69696
69920
69952
70240
70272
70592
70656
70656